points:
  - id: 1
    x: -1.224678
    y: -0.656305
    fast: true
