radar_points_file: package://navigation/config/calibration/datas/radar_points.yaml
mujoco_points_file: package://navigation/config/points/cali505.yaml
point_count: 7
rotation:
  - [0.998758774, 0.049808752]
  - [-0.049808752, 0.998758774]
translation:
  x: 5.235903510
  y: 11.170356349
yaw_offset: -0.049829370
mean_error: 0.023728949
max_error: 0.051368398
unstable: false
errors:
  - id: 1
    error: 0.010253236
  - id: 2
    error: 0.023591032
  - id: 3
    error: 0.028796475
  - id: 4
    error: 0.051368398
  - id: 5
    error: 0.012869315
  - id: 6
    error: 0.025438752
  - id: 7
    error: 0.013785435
